4 25 0 0
4 25 25 25
4 25 25 -25
4 25 -25 -25
4 25 -25 25
4 25 50 50
4 25 50 -50
4 25 -50 -50
4 25 -50 50
4 25 0 50
4 25 0 -50
4 25 -0 -50
4 25 -0 50
4 25 50 0
4 25 50 -0
4 25 -50 -0
4 25 -50 0
32 25 0 0
32 25 25 25
32 25 25 -25
32 25 -25 -25
32 25 -25 25
32 25 50 50
32 25 50 -50
32 25 -50 -50
32 25 -50 50
32 25 0 50
32 25 0 -50
32 25 -0 -50
32 25 -0 50
32 25 50 0
32 25 50 -0
32 25 -50 -0
32 25 -50 0
32 15 0 0
32 15 25 25
32 15 25 -25
32 15 -25 -25
32 15 -25 25
32 15 50 50
32 15 50 -50
32 15 -50 -50
32 15 -50 50
32 15 0 50
32 15 0 -50
32 15 -0 -50
32 15 -0 50
32 15 50 0
32 15 50 -0
32 15 -50 -0
32 15 -50 0
END
